Cext	= 0.07510971979
Qext	= 0.4154906558
Cabs	= 0
Qabs	= 0

Based on radiation forces:
Cext.a	= (0,0,0.07510971979)
Csca.g	= (2.724897264e-18,2.043672948e-18,0.01816998462)
Cpr	= (-2.724897264e-18,-2.043672948e-18,0.05693973517)
Qpr	= (-1.507353981e-17,-1.130515486e-17,0.3149782475)
