Cext	= 0.07535181532
Qext	= 0.4168298756
Cabs	= 0
Qabs	= 0

Based on radiation forces:
Cext.a	= (0,0,0.07535181532)
Csca.g	= (5.10918237e-19,-3.40612158e-18,0.0181421966)
Cpr	= (-5.10918237e-19,3.40612158e-18,0.05720961872)
Qpr	= (-2.826288714e-18,1.884192476e-17,0.3164711846)
