Cext	= 5.018934941
Qext	= 4.191192217
Cabs	= 0
Qabs	= 0

Based on radiation forces:
Cext.a	= (0,0,5.018934941)
Csca.g	= (0.009787072562,0.006141621808,3.831410822)
Cpr	= (-0.009787072562,-0.006141621808,1.187524119)
Qpr	= (-0.008172949606,-0.005128721098,0.9916729157)
