Cext	= 135.044904
Qext	= 3.791149592
Cabs	= -2.047466077e-16
Qabs	= -5.747903072e-18

Based on radiation forces:
Cext.a	= (0,0,135.044904)
Csca.g	= (-1.31237156e-11,1.848570304e-14,100.1339405)
Cpr	= (1.31237156e-11,-1.848570304e-14,34.91096347)
Qpr	= (3.684253725e-13,-5.189537959e-16,0.9800642677)
