Cext	= 0.280881425
Qext	= 1.078846014
Cabs	= 0
Qabs	= 0

Based on radiation forces:
Cext.a	= (0,0,0.280881425)
Csca.g	= (5.449794528e-18,3.269876717e-17,0.1687468038)
Cpr	= (-5.449794528e-18,-3.269876717e-17,0.1121346212)
Qpr	= (-2.093228167e-17,-1.2559369e-16,0.4307012794)
