Cext	= 0.07534482309
Qext	= 0.4954371148
Cabs	= 0
Qabs	= 0
