Cext	= 5.018934754
Qext	= 4.191192061
Cabs	= 0
Qabs	= 0

Based on radiation forces:
Cext.a	= (0,0,5.018934754)
Csca.g	= (0.006141752923,0.009787047159,3.831410481)
Cpr	= (-0.006141752923,-0.009787047159,1.187524273)
Qpr	= (-0.005128830589,-0.008172928393,0.9916730441)
