Cext	= 135.044904
Qext	= 3.791149592
Cabs	= -2.047466077e-16
Qabs	= -5.747903072e-18
