Cext	= 0.2245132908
Qext	= 0.7948536063
Cabs	= 1.398035994e-18
Qabs	= 4.949524133e-18

Based on radiation forces:
Cext.a	= (0,0,0.2245132908)
Csca.g	= (1.362448632e-18,2.554591185e-18,0.09225666861)
Cpr	= (-1.362448632e-18,-2.554591185e-18,0.1322566222)
Qpr	= (-4.823532738e-18,-9.044123884e-18,0.4682335408)
