Cext	= 10.7874638
Qext	= 0.6245483207
Cabs	= -2.339029096e-17
Qabs	= -1.354198467e-18

Based on radiation forces:
Cext.a	= (0,0,10.7874638)
Csca.g	= (4.359835623e-16,1.525942468e-16,3.978706784)
Cpr	= (-4.359835623e-16,-1.525942468e-16,6.808757016)
Qpr	= (-2.524159587e-17,-8.834558553e-18,0.3941981025)
