Cext	= 10.18919679
Qext	= 0.5899112027
Cabs	= -2.314108053e-17
Qabs	= -1.339770242e-18

Based on radiation forces:
Cext.a	= (0,0,10.18919679)
Csca.g	= (-1.416946577e-16,1.351549043e-15,3.978085736)
Cpr	= (1.416946577e-16,-1.351549043e-15,6.211111053)
Qpr	= (8.203518657e-18,-7.824894719e-17,0.3595969405)
