Cext	= 0.2235642425
Qext	= 0.7914936515
Cabs	= 1.397861642e-18
Qabs	= 4.948906869e-18

Based on radiation forces:
Cext.a	= (0,0,0.2235642425)
Csca.g	= (-8.51530395e-19,2.043672948e-17,0.09232015717)
Cpr	= (8.51530395e-19,-2.043672948e-17,0.1312440853)
Qpr	= (3.014707961e-18,-7.235299107e-17,0.4646488149)
