Cext	= 3.872591799
Qext	= 3.791149608
Cabs	= 0
Qabs	= 0

Based on radiation forces:
Cext.a	= (0,0,3.872591799)
Csca.g	= (-1.008211988e-15,1.080677224e-13,2.871473614)
Cpr	= (1.008211988e-15,-1.080677224e-13,1.001118185)
Qpr	= (9.870088769e-16,-1.05795014e-13,0.9800642597)
