Cext	= 3.872591789
Qext	= 3.791149598
Cabs	= 0
Qabs	= 0

Based on radiation forces:
Cext.a	= (0,0,3.872591789)
Csca.g	= (3.723435866e-13,1.798432194e-16,2.871473595)
Cpr	= (-3.723435866e-13,-1.798432194e-16,1.001118194)
Qpr	= (-3.645130486e-13,-1.760610429e-16,0.9800642688)
