Cext	= 0.280881425
Qext	= 1.078846014
Cabs	= 0
Qabs	= 0

Based on radiation forces:
Cext.a	= (0,0,0.280881425)
Csca.g	= (8.174691792e-18,-2.724897264e-18,0.1687468038)
Cpr	= (-8.174691792e-18,2.724897264e-18,0.1121346212)
Qpr	= (-3.13984225e-17,1.046614083e-17,0.4307012794)
