Cext	= 0.03755206903
Qext	= 0.329750645
Cabs	= 0
Qabs	= 0

Based on radiation forces:
Cext.a	= (0,0,0.03755206903)
Csca.g	= (-1.192142553e-18,-2.724897264e-18,0.009085012968)
Cpr	= (1.192142553e-18,2.724897264e-18,0.02846705606)
Qpr	= (1.046839191e-17,2.392775295e-17,0.2499737123)
